BEGIN IONS
TITLE=Rovis 3c (322) + DBU (153)_300ms_1-qb.1.1.
RTINSECONDS=19.52
PEPMASS=322.0
121.16922 89.0
122.8658752 796.0
124.0094604 3452.0
124.9035797 39087.0
125.9329681 1795.0
126.6839142 197.0
129.3494873 601.0
133.9746399 222.0
139.0016174 23.0
139.8126526 63.0
140.8954468 199.0
142.8693237 55.0
143.722641 160.0
146.1912994 371.0
147.2078247 119.0
148.898819 240.0
150.9786072 1151.0
151.7991791 2480.0
152.8792114 67942.0
154.0403137 4495.0
154.9489746 451.0
155.9436798 202.0
158.9215088 289.0
160.31427 63.0
161.987915 346.0
162.6528778 125.0
163.9849701 81.0
165.0308228 132.0
165.9412994 607.0
167.1589203 119.0
167.9943695 269.0
168.627121 100.0
169.8926392 314.0
170.7203827 224.0
171.6138763 440.0
173.0991058 267.0
174.7834778 241.0
178.6345215 4282.0
179.6682892 300.0
181.1202545 178.0
182.394928 117.0
183.3434448 220.0
185.4256439 129.0
187.6108398 270.0
188.4177246 135.0
189.4546356 17.0
190.2195587 349.0
191.3964539 538.0
192.4411163 331.0
194.381897 65.0
197.7265472 155.0
200.2000732 246.0
206.6709595 83.0
209.4887543 461.0
211.6280518 211.0
212.9382172 106.0
215.9309235 197.0
219.4635315 161.0
220.433609 297.0
221.8358154 439.0
223.5615692 465.0
225.6551666 114.0
228.4080658 126.0
231.5759125 212.0
233.4906311 273.0
234.5462646 1869.0
235.1262665 1785.0
235.7442169 324.0
239.3093567 185.0
241.3976135 287.0
242.6913452 663.0
243.5324707 197.0
244.3452606 423.0
245.6548309 507.0
246.4609222 695.0
247.1855469 478.0
247.7257538 2862.0
248.5644226 2294.0
249.6615448 347.0
252.4591827 432.0
256.3263397 41.0
258.5976868 160.0
260.2433929 182.0
261.030304 341.0
262.6389923 797.0
263.6369324 515.0
264.4802704 219.0
266.9685364 632.0
268.4233093 124.0
269.6654816 763.0
271.8098297 556.0
273.088089 1090.0
273.9511414 1832.0
275.3003387 3890.0
276.2524719 11250.0
277.4404297 1567.0
278.4320221 25.0
283.3912048 311.0
284.6254425 805.0
285.7833099 228.0
287.1763458 490.0
291.7267761 182.0
292.5661469 179.0
293.8657379 620.0
295.2144623 134.0
296.288147 24.0
297.827652 599.0
299.0212402 585.0
299.5495911 69.0
300.4079742 1089.0
301.2899475 2197.0
302.2251892 1599.0
302.882019 1217.0
303.9227448 11785.0
304.7324829 3299.0
305.5623932 1395.0
306.9596405 106.0
310.9978485 258.0
312.9298859 46.0
316.630722 1101.0
317.4413757 85.0
319.2831421 618.0
320.5238953 2361.0
321.704071 133268.0
322.7091064 5061.0
327.2700806 181.0
328.8332672 863.0
329.4891357 363.0
330.4471283 1048.0
331.3246002 346.0
336.7470856 157.0
343.8135986 49.0
345.2172852 126.0
349.019989 124.0
350.6320038 225.0
352.0302887 187.0
352.7179565 67.0
353.440094 36.0
354.8292084 34.0
355.6337738 67.0
356.8946991 1468.0
357.9266205 1831.0
358.707016 64.0
359.6251526 452.0
360.9083252 153.0
373.0895233 132.0
377.947052 195.0
383.7776489 40.0
386.6004944 280.0
404.4893494 460.0
406.4194336 167.0
413.3519287 23.0
417.1201935 65.0
419.8367462 225.0
427.1050873 100.0
427.9970856 430.0
430.1702423 46.0
433.4331207 255.0
434.1406708 111.0
436.4348297 239.0
439.8083038 90.0
442.6503143 578.0
457.6642456 201.0
463.5790405 20.0
465.7589111 14.0
470.2095032 110.0
472.0812531 2317.0
473.078125 192.0
476.0794678 113.0
480.5460358 561.0
486.2165222 14.0
495.3621063 101.0
498.9538422 83.0
END IONS
