BEGIN IONS
TITLE=Rovis 3c (322) + DBU (153)_50ms_1-qb.1.1.
RTINSECONDS=13.53
PEPMASS=322.0
123.3336639 531.0
124.0407257 1946.0
124.9083557 12438.0
125.7828827 979.0
127.1213074 54.0
130.2606506 256.0
132.7227783 273.0
136.5081024 373.0
138.3656464 140.0
141.2612915 577.0
142.0921631 53.0
143.9023132 214.0
146.0935059 13.0
148.4923096 112.0
149.3672943 235.0
151.2038269 317.0
151.8952942 1406.0
152.9340515 20909.0
154.0030823 2497.0
154.9817963 161.0
155.6313171 27.0
157.5512848 466.0
158.4416046 106.0
159.402771 441.0
161.5275879 268.0
163.2064209 58.0
163.9654541 730.0
164.5113525 3.0
166.013855 456.0
167.3304901 129.0
168.3262329 132.0
169.8944397 585.0
170.6707764 398.0
171.5623474 186.0
172.5058899 75.0
174.1226349 140.0
175.0021667 140.0
175.7282867 196.0
176.4159241 103.0
177.0319061 748.0
179.1504059 385.0
180.471405 430.0
181.1680145 43.0
181.8930359 277.0
183.3120422 278.0
183.95961 126.0
184.8799744 377.0
185.5951233 96.0
186.772171 152.0
187.4622192 339.0
188.1661987 53.0
189.0920258 114.0
189.7714691 270.0
190.8585358 338.0
191.5213165 179.0
192.1978455 91.0
192.9627075 287.0
193.5824738 162.0
194.776474 205.0
195.7896271 74.0
196.9971008 292.0
198.4232025 126.0
199.8027344 601.0
201.829422 357.0
203.4315338 453.0
203.9350433 77.0
204.6992645 190.0
206.1133118 318.0
207.0296173 460.0
208.2814484 23.0
210.2089691 330.0
211.4424896 520.0
212.60495 12.0
213.8234558 240.0
215.8830719 188.0
217.4351501 653.0
218.9251251 33.0
220.1610718 501.0
221.1131744 123.0
221.9833374 435.0
223.4184265 472.0
224.6543274 420.0
225.2467499 151.0
226.4681091 649.0
227.7217255 799.0
230.2170715 412.0
231.8679047 230.0
233.8303986 107.0
234.9544373 981.0
235.6660156 318.0
236.4679565 55.0
237.133316 121.0
238.284317 129.0
239.0496216 252.0
240.6317749 162.0
241.5743408 283.0
242.2810822 29.0
243.7315674 106.0
244.7641602 169.0
245.7784576 197.0
246.5126953 106.0
247.1844788 97.0
248.2363281 803.0
249.1767731 95.0
251.0302429 105.0
252.0650177 431.0
254.776474 156.0
256.2152405 259.0
257.9436188 384.0
259.92836 896.0
260.6912231 203.0
261.6734009 278.0
263.2449799 191.0
266.7596283 596.0
268.1483917 115.0
268.9889069 502.0
269.6428223 16.0
270.3998108 145.0
272.6844025 553.0
273.412735 246.0
274.2265167 340.0
276.0735321 676.0
278.1995544 60.0
280.2471619 123.0
281.5565643 558.0
286.0218811 119.0
287.030304 146.0
287.9889526 46.0
288.5983429 153.0
289.3419342 337.0
290.9371796 355.0
292.5130768 72.0
293.5391846 53.0
294.2029419 27.0
297.7901459 138.0
299.1736908 841.0
300.0088959 94.0
301.1698456 303.0
302.077301 173.0
303.5857544 1308.0
304.3923645 506.0
305.019577 105.0
306.6341553 116.0
307.8088379 13.0
309.3578033 199.0
310.1368561 102.0
315.8611603 261.0
318.1434326 846.0
319.6060944 2212.0
320.6866302 2665.0
321.7393036 310641.0
322.6634369 14522.0
323.2167358 208.0
323.8362885 62.0
326.9666748 68.0
330.0970154 62.0
357.0230865 256.0
358.0077057 72.0
360.4660797 33.0
368.8940277 221.0
371.4159088 169.0
376.5783081 272.0
379.0158234 341.0
400.1433716 8.0
405.765274 119.0
424.3468933 122.0
430.007019 216.0
431.8363342 314.0
434.0371399 61.0
436.9575195 18.0
438.2172241 33.0
439.9654541 156.0
440.6858368 21.0
443.0310974 132.0
444.4490051 158.0
448.5986023 523.0
450.6713562 26.0
459.0667114 176.0
464.4858704 21.0
466.4998169 14.0
468.6692657 389.0
469.9482269 415.0
470.8447266 72.0
471.8158875 450.0
472.4936676 314.0
476.1983337 621.0
484.4612579 42.0
486.3358612 349.0
END IONS
