BEGIN IONS
TITLE=Rovis 3c (322) + DBU (153)_200ms_1-qb.1.1.
RTINSECONDS=0.13
PEPMASS=322.0
121.4216156 256.0
122.4127655 173.0
123.0418854 686.0
123.9403687 1834.0
124.8697205 37784.0
125.9650269 1717.0
126.6799011 34.0
128.6547241 160.0
129.5181274 45.0
130.7010498 103.0
132.1172791 330.0
133.0631866 103.0
134.4461212 55.0
135.7372894 129.0
137.8799591 82.0
139.2206573 127.0
140.2118988 38.0
141.489502 57.0
142.6919556 219.0
143.5588074 178.0
146.7814789 117.0
147.4834595 85.0
148.6524963 372.0
149.4089203 58.0
150.4214935 787.0
151.6430206 2189.0
152.880661 58902.0
154.0384827 4456.0
154.9861603 538.0
156.7833862 39.0
157.4735413 85.0
158.3526001 4.0
158.9749146 119.0
160.7124176 520.0
162.7673187 63.0
164.1201172 28.0
165.4894104 186.0
166.6958618 252.0
167.7196045 302.0
168.9373779 159.0
169.9408569 205.0
170.6144257 63.0
171.4356842 459.0
172.3447266 413.0
173.2221527 184.0
174.1795044 164.0
175.4183502 189.0
176.4921875 197.0
178.2333069 1591.0
178.9322357 1351.0
179.7515869 222.0
180.6204529 37.0
182.3555298 151.0
183.6345673 209.0
185.2641907 55.0
186.2547607 263.0
187.6270599 200.0
188.8669739 149.0
191.2042084 270.0
191.8137054 52.0
193.1893005 492.0
194.1079407 194.0
195.5799713 91.0
196.1161957 44.0
198.0899506 63.0
199.2630615 204.0
201.062973 161.0
202.1193695 209.0
203.2062988 301.0
204.477005 116.0
206.0297546 220.0
206.8661804 273.0
209.3462219 199.0
210.3134308 43.0
212.3327332 110.0
213.6110992 70.0
214.5452271 244.0
215.4570007 24.0
216.3970337 120.0
217.9922333 304.0
220.08255 305.0
221.0016174 117.0
221.9843292 196.0
223.1046295 71.0
224.7447052 1239.0
226.1080322 394.0
228.0747986 209.0
228.8654022 42.0
231.4705353 311.0
232.3465424 308.0
233.0569916 39.0
233.9573517 438.0
234.7560425 2000.0
235.4058838 388.0
236.0365448 15.0
237.0956726 155.0
238.0691223 38.0
239.0691223 127.0
239.9616241 255.0
240.6684723 63.0
242.7089233 462.0
243.9280853 382.0
244.7196503 325.0
245.7650909 451.0
246.5577698 563.0
247.6070709 695.0
248.7144318 748.0
249.7559662 552.0
251.6420746 356.0
252.5614624 97.0
254.4680786 170.0
256.6838989 400.0
257.684433 210.0
259.5211334 131.0
260.6851959 283.0
261.2275085 39.0
261.9406433 90.0
262.9988251 197.0
264.6812897 223.0
266.9100342 288.0
267.8340149 232.0
268.6977844 314.0
270.5972748 1447.0
271.6495209 591.0
272.7545166 497.0
273.5317383 823.0
274.807663 1324.0
275.8116608 5049.0
276.6130219 2552.0
277.6355438 642.0
278.367691 130.0
279.0286102 61.0
279.7167969 278.0
280.6173401 56.0
285.9019318 45.0
287.1067657 97.0
288.5021362 235.0
289.4816132 133.0
290.1575623 75.0
293.6821442 46.0
294.6233978 184.0
295.7569122 169.0
296.7024994 26.0
298.074173 910.0
298.7816772 505.0
299.6628418 412.0
300.9136963 799.0
301.6734161 616.0
302.3040924 114.0
303.0471039 2268.0
303.5974579 66.0
304.3371277 3567.0
305.3100128 690.0
305.8910065 16.0
306.533432 84.0
308.4566498 193.0
309.4151917 30.0
311.3271027 318.0
312.223999 41.0
313.3750763 65.0
314.3147583 356.0
315.2305908 85.0
317.2235107 164.0
318.5229034 976.0
319.1089478 262.0
319.7149048 301.0
320.5582428 2692.0
321.7484741 189570.0
322.8381805 7534.0
323.3422852 52.0
327.9418182 25.0
328.8121643 201.0
329.7746124 383.0
330.6053162 267.0
336.7285767 204.0
338.918457 286.0
346.1540985 96.0
348.8812256 20.0
355.2453003 168.0
356.4822083 452.0
357.4733276 1219.0
358.4874878 685.0
359.2995758 115.0
359.9172974 11.0
367.4642334 199.0
373.6750946 38.0
374.6322937 181.0
377.9152222 86.0
380.898407 106.0
381.680954 459.0
383.721756 73.0
387.4924774 59.0
388.9797516 39.0
389.629364 69.0
395.7927246 220.0
398.1082764 324.0
401.0023956 64.0
405.9591064 352.0
407.7731323 56.0
415.9242706 170.0
417.8571472 47.0
423.8562012 256.0
424.7691956 96.0
425.9741821 64.0
432.3094482 330.0
433.3985443 93.0
434.0709839 101.0
436.4555511 309.0
441.6051025 112.0
442.4560242 175.0
444.0595093 279.0
445.7305298 93.0
446.4464264 69.0
449.0974121 9.0
450.0742188 36.0
451.0183716 174.0
456.5839996 254.0
466.7446899 41.0
469.1614532 143.0
469.983963 225.0
471.3991394 10.0
471.975708 474.0
473.2095642 339.0
474.0492401 138.0
475.8097229 76.0
478.7738037 30.0
479.4508209 34.0
482.4561615 44.0
483.8246613 74.0
484.8110504 274.0
485.7602386 758.0
491.1244659 123.0
492.0574188 121.0
492.822052 211.0
494.4517822 93.0
496.1138306 10.0
496.9361725 338.0
497.7757568 11.0
498.7573395 42.0
499.5470734 336.0
END IONS
