BEGIN IONS
TITLE=Rovis 3c (322) + DBU (153)_500ms_1-qb.1.1.
RTINSECONDS=12.37
PEPMASS=322.0
122.019043 259.0
123.7720184 1978.0
124.8232117 34740.0
125.90802 2883.0
126.7588348 368.0
131.2579651 61.0
134.9591064 12.0
138.8005219 203.0
147.5423889 6.0
150.5107117 389.0
151.3733978 239.0
151.9057159 4845.0
152.9120331 84565.0
153.930954 4706.0
155.1907806 167.0
157.6155853 559.0
159.9737549 302.0
161.3238373 346.0
164.4107361 248.0
167.1273041 378.0
168.7465057 61.0
169.6159515 514.0
173.6740875 508.0
177.5767517 427.0
178.6413879 3896.0
179.8603973 681.0
180.8548584 8.0
182.7444153 257.0
186.5893555 212.0
189.506546 166.0
190.3404846 811.0
191.8747711 67.0
196.9732666 133.0
202.1927185 42.0
206.088501 222.0
206.7097931 43.0
207.9984741 165.0
209.9666138 175.0
214.1320038 497.0
215.9419708 392.0
216.5129395 143.0
217.6997681 332.0
221.4220123 98.0
225.2997742 280.0
225.9598999 598.0
227.4758148 239.0
229.4660187 394.0
233.2978973 1448.0
234.1591949 175.0
234.8734283 6648.0
236.1916046 87.0
238.9328766 159.0
241.0426636 221.0
243.6410065 193.0
244.6545715 501.0
245.6122437 453.0
246.5643158 197.0
247.4357758 2069.0
248.4005127 5243.0
249.3634491 460.0
250.5975342 227.0
253.767868 14.0
255.0134735 335.0
256.1786346 106.0
259.9168243 112.0
260.8019867 154.0
261.5088196 692.0
262.3110046 155.0
264.4104462 247.0
265.6106873 291.0
267.8058014 664.0
269.3379669 1602.0
269.9089966 104.0
271.1895905 2931.0
272.0993805 1260.0
272.9527588 3103.0
273.7923279 3752.0
274.7321625 6301.0
275.4559021 4308.0
276.2485199 27145.0
277.3503418 1791.0
278.2084808 427.0
279.1730652 70.0
281.9681244 239.0
282.6178894 182.0
283.5412292 1069.0
284.2051849 63.0
285.0615692 243.0
287.8643188 49.0
289.6517029 279.0
290.2644348 161.0
291.9825134 217.0
293.0244751 283.0
293.5735779 575.0
294.1499634 210.0
295.4678802 1117.0
296.0914001 365.0
297.4420776 1841.0
298.5101318 656.0
299.3482056 842.0
300.2952271 2658.0
301.2688293 2607.0
302.1288147 3635.0
302.8001099 4198.0
303.7127075 17043.0
304.4751587 15009.0
305.3877869 1516.0
306.3533936 267.0
311.5787048 229.0
315.2874756 33.0
316.7561493 213.0
318.0041504 401.0
318.716507 311.0
320.043396 1392.0
320.6241913 524.0
321.7849121 72921.0
322.9946899 851.0
325.8838196 132.0
326.4949188 131.0
327.414917 433.0
328.8577576 1750.0
329.9654694 2003.0
330.8280792 499.0
331.5910645 320.0
342.4302216 412.0
343.5562439 26.0
345.2857666 11.0
347.1757355 418.0
348.3497314 218.0
350.32341 585.0
354.742218 512.0
355.6659698 1492.0
356.6377563 849.0
357.7484894 3282.0
358.5461121 1797.0
359.5279083 344.0
361.4563293 113.0
370.0970306 207.0
375.4200592 234.0
381.744873 19.0
384.2971344 181.0
385.6053314 172.0
387.166687 144.0
388.5275726 417.0
391.1473999 227.0
393.8216858 93.0
402.4107971 26.0
406.772522 258.0
409.8876953 346.0
428.2507477 100.0
430.3542938 305.0
431.2523041 94.0
433.3313141 211.0
435.0394287 31.0
437.5488892 98.0
439.2931976 267.0
443.3719635 245.0
445.0674438 11.0
449.7557373 224.0
457.7995605 160.0
460.6875916 160.0
461.739624 326.0
469.593277 472.0
471.0040436 195.0
471.8369293 1639.0
472.7201538 141.0
474.1391907 169.0
475.7310944 242.0
484.4202423 475.0
495.4007263 56.0
498.0007324 547.0
END IONS
