BEGIN IONS
TITLE=Rovis 3c (322) + DBU (153)_0.03ms_1-qb.1.1.
RTINSECONDS=0.3
PEPMASS=322.0
123.1321716 460.0
124.1671143 821.0
124.9211426 4202.0
125.8482361 341.0
126.4671173 240.0
127.6313324 223.0
128.6818085 47.0
130.0995636 242.0
130.7035522 61.0
132.5992126 115.0
133.9220123 327.0
135.8802185 349.0
137.3068542 242.0
139.5736389 106.0
140.3260803 30.0
143.7191772 502.0
145.6147614 257.0
146.7808075 143.0
147.8248901 520.0
149.3513641 183.0
150.3092346 400.0
151.2776337 268.0
152.1737976 14.0
152.8906097 6875.0
153.9165039 463.0
155.9821472 156.0
157.2372437 34.0
157.8504486 221.0
158.6301575 342.0
159.9161072 16.0
160.4938354 408.0
161.393219 105.0
162.044754 173.0
163.3546448 492.0
164.5116577 40.0
165.9887085 1076.0
167.2138214 401.0
168.6374969 68.0
169.6830139 1244.0
170.4397125 210.0
171.4125824 426.0
172.0445709 436.0
173.1761475 233.0
173.837204 178.0
175.052475 190.0
176.3084717 286.0
177.2137451 63.0
178.0803375 370.0
179.1504059 273.0
179.7578278 157.0
180.8277893 82.0
181.6094818 140.0
182.5112762 49.0
183.7433472 138.0
184.4374847 443.0
185.2160492 395.0
186.3008575 41.0
186.9442596 550.0
188.0968933 256.0
189.6328888 463.0
190.901886 722.0
191.8512878 216.0
192.6342468 285.0
194.3188934 491.0
195.5570221 170.0
196.2276001 153.0
197.1195068 294.0
198.3977814 252.0
199.0649567 113.0
199.8647766 69.0
200.602356 294.0
202.0256805 241.0
202.7302856 83.0
203.3761749 277.0
205.0181732 559.0
205.6031342 64.0
206.6361542 362.0
208.1219482 503.0
208.7543793 242.0
209.8720398 459.0
210.966095 235.0
212.6528015 9.0
213.4918671 49.0
214.8153229 615.0
215.6908569 181.0
216.5130157 725.0
217.3843384 267.0
218.4320984 482.0
219.1947021 59.0
219.7395477 292.0
220.7738037 260.0
221.6441803 366.0
222.9147034 192.0
223.5133057 33.0
225.0345001 299.0
225.7557678 272.0
226.8896484 376.0
228.4216003 123.0
229.0834961 89.0
231.2671967 441.0
231.9012146 24.0
233.2902527 277.0
234.7997131 76.0
235.4047546 1214.0
236.3601837 239.0
237.8878784 487.0
238.5542603 99.0
239.1970673 118.0
239.9858551 160.0
241.1338196 16.0
242.2336578 225.0
243.8531799 227.0
244.7758484 268.0
246.4458313 628.0
247.8790894 28.0
248.7218475 166.0
249.682724 202.0
250.7855225 231.0
252.3769989 314.0
253.0803833 234.0
254.7428589 412.0
255.6811829 193.0
257.0543518 288.0
257.9416809 311.0
259.1666718 374.0
260.6224365 44.0
261.3311615 273.0
262.5634613 464.0
264.4894562 48.0
265.3534088 288.0
266.3194122 258.0
267.340744 382.0
268.4966125 510.0
269.271286 100.0
270.7020111 381.0
271.7561798 102.0
272.7494049 238.0
273.6956635 239.0
274.8677368 71.0
275.462326 295.0
276.6099854 96.0
277.5804443 189.0
278.5795288 128.0
280.332489 290.0
281.4959412 272.0
282.6174164 293.0
283.8964691 60.0
284.476059 217.0
284.9798584 10.0
285.6273346 42.0
286.9216309 29.0
287.6337738 177.0
288.8990479 356.0
290.778717 179.0
291.283432 86.0
292.8115387 171.0
295.0513458 70.0
295.7386932 56.0
296.3139191 282.0
297.0328674 115.0
298.2819366 21.0
299.3882294 109.0
300.3700867 35.0
301.6092224 290.0
302.2620544 31.0
303.3173218 105.0
306.9414673 607.0
308.6868439 889.0
311.9624481 281.0
313.0055237 205.0
314.5847168 188.0
318.1204681 552.0
319.6118164 1933.0
320.332016 3878.0
321.7301178 383306.0
322.4072266 3066.0
322.9688416 10646.0
326.5431976 46.0
344.1328888 210.0
352.9236908 23.0
358.3547363 237.0
360.0446472 143.0
366.9597015 48.0
375.9402924 81.0
379.3815918 196.0
406.6949463 136.0
428.3292694 219.0
429.735199 37.0
431.5272675 321.0
432.5608215 292.0
433.7854004 121.0
441.6800842 69.0
443.6850433 87.0
444.4862061 11.0
451.2706604 273.0
467.1208191 155.0
470.8084106 408.0
472.0426178 756.0
478.4006348 46.0
479.0189056 220.0
480.8730774 184.0
483.1387787 89.0
484.1321259 101.0
485.5036621 79.0
486.4495087 251.0
489.8303375 48.0
END IONS
