BEGIN IONS
TITLE=Rovis 3c (322) + DBU (153)_100ms_1-qb.1.1.
RTINSECONDS=10.27
PEPMASS=322.0
121.7431335 248.0
122.5158539 184.0
123.7972717 1951.0
124.8573608 27988.0
125.9420776 1372.0
126.859436 234.0
130.4234009 274.0
136.440918 530.0
137.7472839 78.0
139.2557831 215.0
141.2604828 286.0
142.5995026 229.0
143.3820648 45.0
145.3381805 230.0
146.5848236 427.0
148.5843811 251.0
150.6792908 17.0
151.488678 1198.0
152.2221375 577.0
152.9008636 30271.0
153.9327545 4288.0
154.9662476 274.0
156.7780457 164.0
158.6036072 220.0
159.3703156 90.0
160.3718719 261.0
161.5055084 384.0
162.8389282 93.0
164.4446106 161.0
165.0058441 156.0
165.8578186 104.0
167.2927704 391.0
168.0693207 177.0
169.7336426 215.0
171.0096436 265.0
172.7741089 722.0
173.729187 299.0
175.3549652 331.0
177.2162476 465.0
178.002121 203.0
178.8492737 1240.0
179.6799774 107.0
180.5553131 206.0
181.5296478 64.0
183.4651642 88.0
184.289856 122.0
185.2882843 103.0
186.3436127 177.0
187.6579132 427.0
189.2487183 669.0
190.241684 166.0
191.0665436 166.0
193.231308 150.0
194.730896 44.0
195.8074951 285.0
196.7495117 135.0
197.4229889 100.0
198.0128784 73.0
199.0197601 268.0
200.1328888 302.0
201.5642395 185.0
202.3692169 95.0
203.2703552 141.0
204.2477417 55.0
204.8948364 85.0
205.6368256 345.0
206.4656219 154.0
207.270813 331.0
208.1630402 65.0
209.6180725 651.0
211.0073242 50.0
212.3227081 232.0
213.4706573 106.0
214.3939819 309.0
215.0261383 86.0
215.7263336 443.0
219.1381073 86.0
220.1638489 376.0
221.7576599 852.0
222.878891 175.0
225.4511566 585.0
227.4483337 319.0
228.8587799 167.0
229.9260864 146.0
230.8583679 485.0
232.2329407 86.0
233.1551361 365.0
234.1310272 657.0
234.8947601 1446.0
236.0733185 468.0
237.0088654 206.0
238.2730255 312.0
238.9046936 366.0
239.605484 259.0
240.6630096 77.0
241.4806976 95.0
242.2733917 167.0
243.6746674 201.0
245.1034698 447.0
245.9771271 314.0
247.0264587 599.0
248.4378967 684.0
249.2880554 573.0
250.1088562 80.0
251.1965485 126.0
251.9815521 83.0
253.428894 331.0
254.664917 190.0
255.5520172 311.0
256.9041595 511.0
259.2798462 71.0
260.9259491 159.0
262.5209961 299.0
263.2569733 54.0
264.0826721 133.0
264.769989 193.0
265.8596954 384.0
266.9697418 313.0
267.9860382 433.0
268.9174805 141.0
270.2935028 225.0
271.5288544 253.0
272.8063354 574.0
273.7055664 51.0
274.5737457 482.0
275.0950317 367.0
276.1118622 2089.0
277.0297241 14.0
278.3056488 360.0
280.0519257 450.0
281.2388763 216.0
283.4011383 230.0
284.7855988 260.0
286.0571594 39.0
287.8609009 126.0
289.5778809 182.0
290.3459625 128.0
292.1252747 119.0
293.7986755 195.0
294.8767853 136.0
295.7992401 129.0
296.8338165 193.0
297.8354492 250.0
298.6075134 146.0
300.6828003 264.0
301.69664 359.0
303.0979309 749.0
304.1316528 1774.0
305.267807 331.0
306.3057098 179.0
307.723526 236.0
308.8565674 60.0
310.4712524 77.0
311.3574371 172.0
312.1511383 73.0
315.2953796 420.0
316.6620941 559.0
317.3021088 49.0
318.2873077 50.0
318.809433 593.0
320.0564423 2796.0
321.7254791 285743.0
322.911377 10440.0
324.2945862 33.0
325.1539917 142.0
328.4163666 42.0
329.3182678 178.0
330.3889465 349.0
331.9953308 46.0
332.9163513 61.0
345.852005 201.0
352.7728577 178.0
355.0057373 10.0
355.7876129 155.0
357.6317444 256.0
358.8128662 365.0
366.1676941 57.0
369.1040955 63.0
370.6888275 107.0
377.469101 133.0
379.546875 166.0
388.3333282 270.0
390.6717834 96.0
393.3532715 17.0
399.9648132 95.0
406.3920898 168.0
409.0129547 139.0
412.4249573 190.0
414.4554138 195.0
418.6548309 66.0
422.6855164 424.0
424.1087341 72.0
426.1974487 12.0
427.2580719 77.0
429.1335297 122.0
431.0372314 184.0
432.607666 297.0
435.587677 56.0
437.1203613 48.0
440.2804413 56.0
441.093689 5.0
442.7590332 135.0
444.7681274 62.0
449.9721527 60.0
450.8964233 106.0
454.0240326 60.0
455.0701599 73.0
455.875351 134.0
458.5066376 135.0
462.2201538 31.0
469.25383 422.0
470.0992737 125.0
471.3424988 276.0
472.4068146 162.0
473.4080963 130.0
475.3892212 97.0
485.2505951 575.0
486.8695679 288.0
489.3742676 186.0
490.8747559 266.0
494.784317 150.0
496.6605988 192.0
497.7534637 143.0
498.9259033 465.0
499.6255951 301.0
END IONS
