===============================
post
  time    102    153
  0.03  100.0   6.01
  20.0  100.0  12.44
  50.0  100.0  20.41
 100.0  100.0  43.88
 150.0  100.0   70.9
 200.0  99.75  100.0
===============================
pre
  time    102    153
  0.03  100.0   6.06
  20.0  100.0  10.64
  50.0  100.0  18.42
 100.0  100.0  39.46
 150.0  100.0  71.74
 200.0  100.0  89.05
===============================
reaction
  time    322    153
  0.03  100.0   1.79
  50.0  100.0   6.73
 100.0  100.0  10.59
 200.0  100.0  31.07
 300.0  100.0  50.98
 500.0  86.23  100.0

===============================
Results:
p_pre: 4.12413204781e-08
slope_pre: -3.0603    R_pre: 0.9946    
P_post 4.34559802154e-08
slope_post: -3.2247    R-post: 0.9988    
P_reaction: 4.23486503467e-08
slope_reaction: -1.525     R_reaction: 0.9949    
K_exp: 1.11181505819e-09
Efficiency: 59.16 