BEGIN IONS
TITLE=TEA (102) + DBU (153)_20ms_32-qb.1.1.
RTINSECONDS=7.57
PEPMASS=102.0
96.17233276 279.0
97.03497314 12.0
98.06625366 274.0
98.94171143 665.0
99.73068237 2138.0
100.4178314 5551.0
101.7375793 142645.0
102.5732422 194.0
120.6839142 13.0
122.7400665 258.0
123.6472168 1013.0
124.868454 12185.0
125.8321838 523.0
126.775238 15.0
127.8896332 43.0
130.9002991 131.0
142.2424622 11.0
148.5153809 271.0
150.3072815 207.0
151.2082672 312.0
152.8573914 15174.0
153.9999084 1130.0
155.5218506 63.0
162.5960999 30.0
166.9074097 33.0
167.9635315 112.0
170.1095428 43.0
174.535614 52.0
176.8786621 126.0
178.7467041 630.0
190.0340729 134.0
192.8063812 103.0
204.9030304 59.0
206.7185669 826.0
207.8128815 167.0
213.4823151 25.0
214.5979767 27.0
223.4247131 120.0
233.1716156 85.0
233.8923492 111.0
234.6004333 497.0
235.5341339 100.0
238.3667297 58.0
247.5886841 57.0
248.4263306 133.0
249.4015808 36.0
252.6698608 18.0
255.0908356 130.0
261.2613525 29.0
262.7770233 107.0
265.1058807 18.0
269.6659851 31.0
271.0610962 33.0
273.2448578 13.0
274.1323547 75.0
275.2354889 362.0
276.1506958 482.0
277.1602478 44.0
280.4825287 37.0
288.3818207 58.0
291.5199738 98.0
293.3942261 10.0
294.7163849 28.0
298.9239502 52.0
300.0782928 57.0
300.8656616 13.0
302.4468231 89.0
303.9344177 558.0
304.9000244 92.0
305.5482788 30.0
306.4112701 25.0
307.2584076 475.0
316.9002838 80.0
318.2999573 35.0
357.4428864 67.0
358.2223511 303.0
474.8152161 32.0
483.4315796 132.0
END IONS
