BEGIN IONS
TITLE=TEA (102) + DBU (153)_50ms_32-qb.1.1.
RTINSECONDS=11.03
PEPMASS=102.0
73.80807495 463.0
99.63581848 3278.0
100.2273865 228.0
100.7540741 6547.0
101.7330017 111621.0
102.5687256 433.0
116.1570435 23.0
116.8612366 54.0
121.5379791 122.0
122.5786591 164.0
123.8455505 1404.0
124.8855438 19786.0
125.8417206 1535.0
127.8788757 73.0
130.8634796 187.0
150.3976746 145.0
151.7076874 2157.0
152.3346252 233.0
152.8799896 20566.0
153.9314575 2289.0
167.6308594 13.0
173.412323 132.0
178.1064453 297.0
178.686203 653.0
180.085556 70.0
185.1140747 124.0
203.7385254 153.0
205.516098 396.0
206.6102295 1273.0
211.0565948 76.0
212.136734 81.0
217.4451141 173.0
224.8080139 52.0
232.1979523 175.0
233.6583252 120.0
234.6316681 1616.0
235.2941132 8.0
236.9620972 120.0
238.3011627 145.0
241.8335571 22.0
246.3771973 287.0
248.0380249 626.0
249.4216614 143.0
252.0746307 20.0
260.3615265 105.0
262.0943451 314.0
264.4470062 46.0
266.3513184 122.0
269.7757568 251.0
270.5795441 25.0
271.6486359 180.0
272.7749176 157.0
274.438324 343.0
275.7721558 210.0
276.5080566 554.0
277.7582397 79.0
287.8102264 247.0
289.6726074 97.0
293.6223602 74.0
302.5668488 397.0
303.8670502 379.0
304.757843 967.0
306.065094 390.0
307.3511505 109.0
307.9390259 81.0
318.3780365 65.0
324.7716522 209.0
329.9288483 149.0
331.4025726 81.0
358.3845978 69.0
386.3066101 50.0
END IONS
