BEGIN IONS
TITLE=TEA (102) + DBU (153)_200ms_32-qb.1.1.
RTINSECONDS=6.07
PEPMASS=102.0
96.99227905 164.0
98.63574219 358.0
100.2443542 2401.0
101.7643433 55463.0
102.656662 141.0
122.6473999 541.0
123.4981689 639.0
124.8172607 37723.0
125.9571075 1139.0
129.9790649 87.0
131.6074829 94.0
138.2709351 79.0
146.6872864 58.0
148.085434 139.0
149.5406342 104.0
150.7143402 1042.0
151.8117523 3145.0
152.9012146 49392.0
153.9368286 2809.0
154.5083313 80.0
155.0096588 78.0
167.6483612 201.0
168.5986481 112.0
171.2113342 195.0
175.865799 177.0
177.1167603 466.0
177.9973755 501.0
178.7681274 1703.0
179.5536194 270.0
180.3089294 129.0
185.7568665 102.0
192.5458374 294.0
197.7083282 107.0
204.1739502 37.0
205.3167725 104.0
206.1737518 265.0
206.8059845 1064.0
214.1065216 52.0
227.904007 103.0
233.4477692 124.0
234.6049652 2400.0
235.1697998 21.0
235.8983765 572.0
236.7956543 200.0
239.7663269 13.0
240.5110779 12.0
243.0661469 160.0
245.5147705 564.0
246.6356354 927.0
247.8934784 1068.0
248.710144 1558.0
249.6461487 456.0
252.6678772 52.0
257.4861298 219.0
259.8950806 39.0
264.5366058 90.0
266.1987305 414.0
266.9584961 51.0
268.2224426 501.0
270.1641083 172.0
271.3278198 611.0
272.4083862 39.0
273.0679321 269.0
273.6119385 74.0
274.5584869 2203.0
275.3708801 3757.0
276.1516571 6258.0
277.1704407 1555.0
278.3226776 118.0
280.0893707 212.0
282.5850067 40.0
283.9423523 147.0
288.7132568 70.0
291.5088196 190.0
293.5821075 76.0
294.8406677 330.0
296.1363373 82.0
297.714859 560.0
298.4447021 20.0
300.6977844 904.0
301.3633423 681.0
302.2402649 2041.0
303.0469208 409.0
303.7091064 2824.0
304.6365814 4854.0
305.5018311 419.0
306.6669922 484.0
307.6746368 469.0
308.3807678 39.0
314.9603424 87.0
317.6193848 22.0
321.9519196 56.0
324.0365143 455.0
326.9904175 635.0
328.0054169 57.0
328.6766205 193.0
329.9845276 570.0
343.2543488 279.0
355.6675415 248.0
357.0781555 959.0
358.2973633 410.0
371.0372467 152.0
372.2924042 184.0
382.495224 57.0
383.4209747 98.0
385.3752136 68.0
400.3432159 81.0
403.5835419 89.0
406.6057892 221.0
408.5609894 116.0
END IONS
