BEGIN IONS
TITLE=TEA (102) + DBU (153)_0.03ms_32-qb.1.1.
RTINSECONDS=0.28
PEPMASS=102.0
94.90235901 116.0
96.85188293 47.0
98.21264648 720.0
99.23919678 1554.0
100.1018219 4356.0
101.6821136 141382.0
102.7093353 72.0
114.3206024 51.0
116.3361053 16.0
119.8891754 73.0
120.6217804 80.0
122.6812592 117.0
124.144577 1065.0
124.9296112 6074.0
125.8122253 697.0
126.4483032 58.0
151.6448822 453.0
152.9123688 8574.0
153.9435425 704.0
154.4843445 11.0
167.8638916 14.0
178.934845 627.0
187.5324402 23.0
206.0385437 20.0
206.6478882 473.0
233.2584381 41.0
234.3621368 86.0
235.3070831 142.0
236.8859558 90.0
252.1141357 27.0
261.3055878 56.0
266.7684937 205.0
276.1543732 131.0
280.5746613 127.0
291.4450226 64.0
294.2997589 54.0
295.0448151 62.0
298.9502563 53.0
301.3626709 17.0
303.4796448 52.0
304.2095337 75.0
305.144043 66.0
305.8610687 69.0
306.7926178 111.0
331.6457672 146.0
342.1311951 58.0
356.231781 114.0
358.5612793 95.0
END IONS
