BEGIN IONS
TITLE=TEA (102) + DBU (153)_100ms_32-qb.1.1.
RTINSECONDS=13.53
PEPMASS=102.0
96.32774353 50.0
98.22273254 206.0
98.94619751 73.0
99.95806885 1211.0
100.8569489 4342.0
101.8074951 43425.0
102.5807343 72.0
121.8602295 234.0
122.6860504 86.0
123.2127228 937.0
124.0184174 662.0
124.8497009 11865.0
125.8511353 442.0
126.44104 53.0
142.4147949 48.0
146.2693024 105.0
151.0043945 382.0
152.006958 1724.0
152.9086761 17137.0
154.0070648 1284.0
155.1461792 105.0
156.3843842 76.0
160.2422485 58.0
162.9832153 156.0
163.8360901 49.0
176.677948 19.0
177.4539642 40.0
178.6165009 884.0
179.8899689 127.0
181.3116913 217.0
183.148056 30.0
200.4562531 172.0
205.9498291 63.0
206.8590393 560.0
207.7149811 113.0
212.6724548 167.0
214.042984 12.0
216.5276031 105.0
220.5378265 9.0
233.6932373 141.0
234.3064423 57.0
234.8783875 688.0
236.417038 288.0
239.2131348 73.0
245.2989655 121.0
246.6972961 285.0
247.6521606 348.0
248.6098633 464.0
249.5814972 47.0
251.2055511 60.0
261.8862457 147.0
264.2767029 16.0
265.652771 88.0
267.2080688 30.0
270.0849762 76.0
271.6447449 160.0
272.2174225 48.0
273.2266083 254.0
274.0222473 319.0
275.3447723 317.0
276.3691864 1046.0
277.29039 74.0
278.2456207 56.0
281.1638947 92.0
287.9300537 55.0
288.688446 37.0
294.1983948 153.0
295.5206451 75.0
296.7792206 190.0
298.2554779 105.0
299.0403748 93.0
299.9444885 103.0
301.0735931 193.0
301.6363525 28.0
302.2846527 328.0
303.2310638 476.0
304.1325226 627.0
304.7939148 408.0
305.6728668 153.0
306.8430786 251.0
315.408844 43.0
322.6708221 63.0
323.3824921 33.0
324.1354523 74.0
325.7938385 77.0
327.1442413 20.0
328.3536835 115.0
329.0816193 23.0
329.766861 50.0
330.7565155 125.0
343.4099884 35.0
348.5385742 79.0
356.3322144 228.0
357.205658 111.0
357.8126221 21.0
374.0536957 26.0
378.2610474 36.0
387.8710785 90.0
473.2310028 18.0
497.8465424 32.0
END IONS
