BEGIN IONS
TITLE=TEA (102) + DBU (153)_150ms_32-qb.1.1.
RTINSECONDS=13.79
PEPMASS=102.0
98.70080566 218.0
99.39472961 52.0
100.1531982 1016.0
100.8418732 2416.0
101.7561493 61486.0
114.0812531 47.0
117.041687 191.0
120.0351257 52.0
122.8653107 790.0
123.9349976 1075.0
124.8291626 31123.0
125.9669495 1664.0
126.805069 103.0
133.4120026 150.0
147.8404846 160.0
148.7094421 247.0
149.602417 58.0
151.180069 748.0
151.9902344 1362.0
152.9193115 44110.0
154.0214233 3083.0
154.7068787 238.0
155.8201141 79.0
166.2462006 53.0
167.8767548 295.0
172.9767761 62.0
177.5488281 311.0
178.9266052 1296.0
179.5725861 49.0
203.8126221 144.0
205.9298401 739.0
206.6896667 1604.0
207.9173737 156.0
219.6996155 23.0
223.6154633 120.0
227.6649628 60.0
234.1399994 576.0
234.8306427 522.0
235.8292847 388.0
236.7223053 89.0
239.0322876 150.0
242.945282 66.0
246.4507294 427.0
247.6759491 1385.0
248.4930725 21.0
249.1621399 239.0
250.1774292 503.0
251.1651001 33.0
252.5479736 279.0
253.9090881 55.0
256.3339691 11.0
260.9459229 837.0
264.1377563 50.0
266.4991608 207.0
269.1889038 66.0
270.2577209 462.0
271.2832184 589.0
272.0619354 128.0
273.2908478 942.0
274.3596802 753.0
275.0388794 682.0
276.1373596 2603.0
276.7246246 249.0
277.4325409 261.0
283.7711487 101.0
294.295929 46.0
295.3159485 187.0
298.2212677 452.0
299.3154755 32.0
300.3779602 1180.0
301.6576233 1574.0
302.8013 782.0
303.8603058 1479.0
304.4463806 2222.0
305.3135529 115.0
306.2194366 541.0
306.9919434 48.0
307.8371582 128.0
311.6066895 85.0
315.8479614 185.0
323.1398621 164.0
326.8621521 391.0
328.0808716 315.0
329.2380371 414.0
330.3755188 342.0
335.659729 17.0
341.5082855 308.0
349.2047424 200.0
354.5415039 15.0
355.454483 91.0
356.5233612 104.0
357.4437561 237.0
358.5125732 132.0
412.0708008 102.0
END IONS
