BEGIN IONS
TITLE=TEA (102) + DBU (153)_50ms_33-qb.1.1.
RTINSECONDS=4.49
PEPMASS=102.0
96.13360596 70.0
97.64712524 319.0
98.53369141 772.0
99.72467041 6490.0
100.4630737 7106.0
101.7626648 301731.0
102.7246552 239.0
116.2320709 104.0
117.1115112 21.0
121.5649872 144.0
122.6305084 421.0
123.8583984 4091.0
124.8941345 53402.0
125.9253387 1698.0
126.9319763 256.0
130.5607605 186.0
131.2272797 8.0
135.753067 41.0
146.3261261 90.0
148.2265625 201.0
149.7098083 315.0
151.209137 2088.0
152.0357513 2676.0
152.9248657 61593.0
154.0387115 4871.0
154.7010193 98.0
156.3381042 93.0
157.5118866 59.0
159.9712982 155.0
165.3488159 138.0
167.8016357 534.0
173.386322 20.0
178.6815338 1917.0
179.6442871 446.0
194.6339264 529.0
196.9292755 61.0
199.5310211 59.0
203.5052185 255.0
205.1849518 52.0
206.7315063 2842.0
207.3492889 17.0
208.10289 76.0
214.1782379 292.0
219.7659302 321.0
220.5068665 46.0
221.5074158 131.0
231.7636871 197.0
233.8898621 301.0
234.7883453 2122.0
235.3777313 153.0
236.0671997 609.0
236.871994 428.0
239.7072449 128.0
243.0496979 40.0
243.8173676 33.0
247.0102234 192.0
248.4876709 773.0
249.4557648 245.0
250.8571625 315.0
252.3119202 441.0
257.8796387 137.0
263.5925293 229.0
264.6923981 420.0
265.8662262 227.0
268.003891 71.0
269.0938416 242.0
270.2209015 369.0
271.1409912 54.0
272.3362579 266.0
274.2059174 768.0
274.7888031 443.0
275.6158142 1294.0
276.5849457 1614.0
277.5738678 273.0
279.184845 81.0
280.3501587 167.0
283.3938141 119.0
286.6509857 27.0
288.3049164 459.0
289.5525513 197.0
290.4801025 11.0
293.1525421 114.0
295.4953918 317.0
298.6090088 113.0
299.585144 142.0
300.3007507 163.0
301.5558472 202.0
302.2394867 220.0
303.2168121 2506.0
304.3105011 2384.0
305.6779327 426.0
307.4298401 386.0
308.4449615 209.0
322.4965363 24.0
323.3905487 133.0
327.7623138 31.0
330.1359253 47.0
330.9412537 39.0
333.2860718 19.0
339.5413971 138.0
343.9325867 108.0
345.5397491 21.0
346.6040497 40.0
355.4313812 294.0
357.8041687 1189.0
358.617157 37.0
373.7543182 339.0
382.9897003 60.0
413.2114563 179.0
END IONS
