BEGIN IONS
TITLE=TEA (102) + DBU (153)_150ms_33-qb.1.1.
RTINSECONDS=5.56
PEPMASS=102.0
65.38871765 32.0
98.32052612 308.0
99.49624634 1514.0
100.3518677 3912.0
101.0333252 8851.0
101.7808685 190308.0
102.6208038 648.0
113.6220093 62.0
116.7583008 358.0
122.3392944 1297.0
123.5639648 3320.0
124.8352814 98254.0
125.8987885 3461.0
127.0993805 55.0
128.364563 32.0
130.8368073 267.0
140.378891 75.0
144.6888275 252.0
148.8413544 405.0
149.9860687 20.0
150.9201355 1166.0
151.5804138 1528.0
152.8691406 134921.0
154.0302277 11406.0
154.9680634 80.0
162.1964874 161.0
166.9109344 204.0
167.6294861 563.0
168.6505127 268.0
176.0348053 146.0
177.7892609 988.0
178.8100891 5872.0
179.826004 1064.0
181.6351929 103.0
192.0767975 186.0
193.0108337 157.0
203.9267883 78.0
205.7696381 653.0
206.6141205 4836.0
207.8076324 129.0
212.8285217 387.0
218.5052948 92.0
226.8248749 24.0
232.4530182 223.0
233.4304962 508.0
234.7339172 5577.0
235.7841339 1071.0
236.6386719 483.0
239.6335907 135.0
243.2280426 217.0
245.3268738 781.0
246.2953644 1707.0
247.0365448 898.0
248.2194824 5368.0
249.4624481 1643.0
251.0159912 572.0
252.408783 948.0
253.1374664 69.0
255.5658722 130.0
258.7687225 541.0
263.7646942 101.0
264.7076874 145.0
265.8968048 324.0
267.032074 338.0
268.1994934 906.0
269.2688141 251.0
270.3514862 1207.0
271.1178436 844.0
272.3516083 1137.0
273.234375 1056.0
273.8935394 774.0
274.624115 2806.0
276.0864105 13228.0
277.1710815 820.0
278.1205444 393.0
279.4906158 197.0
280.8579712 193.0
281.5320129 157.0
283.9835205 113.0
285.6765289 64.0
288.5313873 59.0
290.6820831 167.0
292.5509186 303.0
293.9887085 95.0
295.7355652 606.0
297.309082 467.0
298.0841827 632.0
299.9269867 1395.0
300.7189941 403.0
301.8401794 3237.0
302.5390778 816.0
303.2739258 7222.0
304.3653717 11501.0
305.4378357 2018.0
306.0579834 49.0
306.8706665 1675.0
307.6798706 22.0
308.445694 478.0
311.1248932 152.0
312.9779358 94.0
314.360611 79.0
315.6972809 255.0
316.3596497 141.0
316.9755859 506.0
319.9122162 30.0
324.0452881 208.0
325.7801819 276.0
327.4810638 168.0
329.5621185 1073.0
330.4806213 239.0
331.2970581 745.0
337.7462616 73.0
340.0634155 181.0
345.5453339 117.0
347.4077759 276.0
348.8318939 13.0
349.648056 119.0
352.2450562 167.0
355.1508942 238.0
356.1498413 398.0
357.3507538 573.0
358.4073334 1269.0
359.6035309 109.0
365.1381531 28.0
373.9353333 221.0
379.5680389 671.0
383.5012665 92.0
384.1690674 161.0
388.5479736 429.0
389.580719 20.0
397.3330078 134.0
411.167923 41.0
412.7479706 204.0
413.3694305 74.0
END IONS
