BEGIN IONS
TITLE=TEA (102) + DBU (153)_100ms_33-qb.1.1.
RTINSECONDS=12.64
PEPMASS=102.0
98.06394958 1216.0
99.33094788 2968.0
100.3688812 5139.0
101.2052155 3767.0
101.7674103 218844.0
102.9189911 658.0
112.7571869 102.0
116.3439789 81.0
117.0321503 44.0
121.3537903 186.0
122.4709625 13.0
123.033371 472.0
123.9773407 5927.0
124.8857574 68814.0
125.8371124 1556.0
126.6914978 325.0
140.786972 271.0
149.0978851 419.0
150.1074829 586.0
151.1386108 1128.0
151.8179169 2205.0
152.8860016 96018.0
154.0229492 5715.0
154.924942 277.0
155.6183014 154.0
159.6880493 18.0
167.8088074 696.0
169.0319366 104.0
169.9434662 64.0
172.1365814 720.0
176.7627869 25.0
177.7963867 284.0
178.8549347 3380.0
179.9808197 430.0
194.5312347 162.0
203.4129333 120.0
204.6720886 143.0
205.5283356 508.0
206.6172791 3522.0
207.7077179 797.0
214.0249176 28.0
215.5207977 573.0
218.0372009 28.0
221.1188049 175.0
222.0199127 56.0
229.5840607 194.0
233.8799438 23.0
234.7339325 5329.0
236.2700653 500.0
237.0049133 23.0
243.0944824 93.0
244.7812195 670.0
245.4563599 250.0
246.5127716 394.0
247.5120697 658.0
248.1607971 1656.0
249.3011932 647.0
250.2134552 225.0
251.1316681 192.0
252.4392548 415.0
253.4866028 11.0
255.1203766 101.0
258.6018829 92.0
264.1146698 223.0
265.4094849 158.0
266.206543 561.0
267.0708466 100.0
267.9543915 92.0
269.2040253 255.0
269.751236 120.0
271.8666992 1010.0
272.9024811 892.0
273.6534424 138.0
274.6690063 1543.0
275.9425659 4310.0
276.4720306 2553.0
277.5164337 720.0
278.3285675 177.0
279.4280548 244.0
280.2935181 56.0
284.3127441 75.0
286.5926971 114.0
287.7300568 186.0
288.4561462 152.0
289.4541931 99.0
292.9971161 310.0
293.7804565 44.0
296.6994629 155.0
298.4300842 70.0
300.6358185 952.0
301.7639313 973.0
302.2856445 7.0
303.3442993 3063.0
304.2411652 4191.0
305.1477509 1760.0
306.0854492 1412.0
306.554184 108.0
307.8886871 424.0
316.7867126 43.0
319.3125 42.0
323.9971008 109.0
326.9615936 68.0
328.167923 487.0
329.2500916 406.0
329.8769684 67.0
330.3771667 483.0
330.9614563 64.0
337.806427 211.0
342.4317017 53.0
345.5776215 146.0
347.0240936 306.0
353.4293213 90.0
354.5386963 188.0
355.2460785 224.0
356.2786407 299.0
357.6131897 995.0
358.5537567 654.0
364.9822083 192.0
370.2039337 197.0
381.1335907 26.0
383.274231 12.0
388.2864532 229.0
400.0791168 146.0
413.882843 384.0
457.8196716 22.0
END IONS
