BEGIN IONS
TITLE=TEA (102) + DBU (153)_20ms_33-qb.1.1.
RTINSECONDS=12.54
PEPMASS=102.0
74.7341156 50.0
97.32984924 40.0
98.1395874 693.0
99.68174744 3243.0
100.2348633 596.0
101.7175903 353489.0
102.332962 897.0
102.9114532 1085.0
114.1942749 187.0
120.5425415 114.0
121.9593201 92.0
122.9350433 392.0
123.8995056 1181.0
124.8489075 35763.0
125.8999481 1833.0
130.2621155 197.0
137.1090851 162.0
144.2007904 91.0
151.0107574 263.0
151.9248352 1125.0
152.8844604 43963.0
154.0150299 3422.0
154.69487 270.0
156.0018768 98.0
158.5271454 181.0
159.2608643 49.0
166.1047516 199.0
166.8785553 135.0
167.9737549 92.0
171.0445251 107.0
174.6390839 152.0
178.4503937 737.0
179.7752533 300.0
186.6002197 256.0
192.8053284 68.0
205.6998444 201.0
206.860199 2047.0
207.9381409 185.0
210.7720337 66.0
213.7049561 191.0
217.9236603 50.0
220.2358246 247.0
221.3994598 81.0
228.0547485 131.0
232.3871613 176.0
233.917038 368.0
234.8777466 1180.0
235.7487488 254.0
241.9819489 85.0
246.6908417 178.0
247.8370361 250.0
249.0700684 260.0
250.9820709 111.0
252.4444885 101.0
255.9977875 61.0
260.348877 189.0
264.3807373 55.0
266.1092224 130.0
270.5870667 151.0
272.0850067 68.0
272.7366486 289.0
274.206665 285.0
275.3376465 503.0
275.9959259 669.0
277.0728912 322.0
279.4408417 104.0
280.6734314 92.0
288.4387054 109.0
291.8955383 201.0
295.4932556 77.0
296.739563 231.0
297.6384735 215.0
300.3185883 61.0
301.6803589 100.0
303.1750946 383.0
304.1296234 856.0
305.2541962 162.0
306.3964844 456.0
307.4269409 190.0
308.1670532 14.0
317.1617126 70.0
319.0168762 110.0
321.0654144 94.0
329.1054382 42.0
350.7080841 109.0
357.2944336 144.0
358.4571686 493.0
388.1327515 14.0
393.7696381 160.0
414.658844 61.0
426.9208527 74.0
END IONS
