BEGIN IONS
TITLE=TEA (102) + DBU (153)_200ms_33-qb.1.1.
RTINSECONDS=3.47
PEPMASS=102.0
98.10939026 576.0
99.09919739 1403.0
99.90879822 948.0
100.63797 7383.0
101.8065186 161781.0
103.0532074 495.0
114.4123077 189.0
115.1127014 126.0
117.1961823 324.0
121.5440369 83.0
122.8070374 1113.0
123.7042389 4750.0
124.8329468 107218.0
125.9165192 4547.0
126.7059784 190.0
130.9487762 91.0
148.4169464 310.0
149.3232117 488.0
150.6574707 1609.0
151.6177673 4622.0
152.9096069 162188.0
154.068222 11205.0
155.0705414 703.0
155.8597412 98.0
167.9325562 661.0
168.9547272 190.0
173.6075439 153.0
177.0706482 494.0
178.1622009 1333.0
178.9169464 6515.0
179.5867004 243.0
187.5045166 208.0
203.8007813 34.0
204.7476196 313.0
205.5395813 412.0
206.6347656 4734.0
207.4410553 140.0
208.038681 105.0
208.9515381 246.0
210.1465759 209.0
212.3570862 206.0
213.415741 107.0
214.492569 188.0
215.7277527 188.0
222.8105774 129.0
228.675827 64.0
230.7737122 184.0
232.4623718 78.0
233.734375 932.0
234.817215 6970.0
236.0366821 858.0
236.7844391 268.0
237.601944 248.0
239.4321899 197.0
241.7956238 132.0
242.895401 368.0
244.2586975 1592.0
245.1921387 351.0
246.2526398 2749.0
247.5149384 3208.0
248.4156036 5021.0
249.7719421 1215.0
250.6800537 17.0
252.8781738 454.0
253.7997589 101.0
256.4538727 121.0
257.5362701 143.0
262.5690308 142.0
263.5010223 745.0
264.8591614 200.0
266.1256714 979.0
267.3508453 62.0
268.5926056 664.0
269.6287537 772.0
270.2541351 213.0
271.1987762 1510.0
271.9439697 884.0
273.2524567 3951.0
274.3311768 3561.0
275.3011932 6229.0
276.1378632 14655.0
276.8168182 7449.0
277.6649933 726.0
280.5014343 140.0
282.1279449 232.0
282.8380737 315.0
286.2007904 101.0
287.4766998 364.0
288.4020081 18.0
289.2446747 524.0
290.3789063 455.0
293.350769 77.0
294.0937042 454.0
295.2420654 521.0
295.9193726 32.0
296.591095 412.0
297.4832306 422.0
298.5761566 974.0
299.9163361 776.0
301.0931396 2197.0
301.8403931 3428.0
302.5144501 2439.0
303.2680054 8598.0
304.3384705 19702.0
305.5863953 2450.0
306.8907776 645.0
307.4757385 188.0
308.5841217 189.0
311.4736328 62.0
313.8791656 326.0
315.6421204 276.0
316.9899292 148.0
317.8748627 208.0
319.3468323 282.0
322.2568359 1094.0
323.4015656 63.0
324.5127106 30.0
325.685257 201.0
326.4151764 193.0
327.7431488 487.0
329.0161285 1209.0
330.0636902 773.0
331.5252838 161.0
332.4878387 168.0
338.1437531 42.0
343.4205627 280.0
344.7165833 90.0
345.7862549 22.0
352.1617126 455.0
353.2632294 346.0
354.3901978 162.0
355.0457764 289.0
355.9332123 270.0
357.2510681 131.0
357.9037933 2098.0
358.802124 1243.0
360.3403625 160.0
367.3698425 80.0
370.7379761 10.0
373.8660736 58.0
386.6364441 263.0
388.2345734 69.0
397.6520386 208.0
401.0130157 110.0
402.8327179 164.0
411.9592896 11.0
471.9283142 63.0
END IONS
