BEGIN IONS
TITLE=TEA (102) + DBU (153)_0.03ms_33-qb.1.1.
RTINSECONDS=2.22
PEPMASS=102.0
97.05618286 815.0
97.95248413 654.0
98.54003906 286.0
99.45378113 4215.0
100.5465851 9140.0
101.7045593 389770.0
102.7653961 474.0
121.7746735 100.0
122.5294342 93.0
123.3499603 121.0
123.949173 612.0
124.8414917 23780.0
125.9320068 741.0
131.0951538 34.0
132.138916 50.0
148.7378693 104.0
150.4562073 266.0
151.0215912 201.0
152.1397858 1971.0
152.9610443 23418.0
153.9595947 2133.0
154.8076019 37.0
156.1801758 83.0
164.8477478 81.0
168.5758972 46.0
173.2762756 10.0
178.5594635 934.0
179.2205658 103.0
180.030304 44.0
192.6263885 79.0
205.9358521 420.0
206.7992401 1053.0
207.9767303 191.0
213.9882507 163.0
214.6284637 58.0
220.7164307 121.0
234.8623352 543.0
235.453949 139.0
237.0157928 118.0
243.4964905 10.0
244.2488251 110.0
247.0928192 71.0
248.6157227 198.0
250.3382874 41.0
251.7605591 96.0
252.5800629 51.0
253.6359406 25.0
264.235321 130.0
272.3709106 163.0
273.0456696 125.0
274.3246765 239.0
274.9462585 44.0
275.5637512 312.0
276.5279236 170.0
284.0665283 82.0
293.5249786 67.0
298.2995453 93.0
298.929718 101.0
301.1022949 122.0
302.8872375 51.0
304.0947113 49.0
304.809494 164.0
306.3687897 135.0
307.0583649 179.0
308.0779572 66.0
317.3876953 46.0
329.8472443 42.0
331.2778778 74.0
337.2211609 157.0
354.1565247 106.0
357.3622589 257.0
386.7736816 104.0
END IONS
